====================================================================================
 Students Name Grades Total average lettergrade 
====================================================================================
                       0   0   0   0   0   0   0    0    0.00   F
                       0   0   0   0   0   0   0    0    0.00   F
                       0   0   0   0   0   0   0    0    0.00   F
                       0   0   0   0   0   0   0    0    0.00   F
                       0   0   0   0   0   0   0    0    0.00   F
                       0   0   0   0   0   0   0    0    0.00   F
                       0   0   0   0   0   0   0    0    0.00   F


